5,bal,81,1335.4
15,bal,79,6024.55
17,bal,78,7046.0
35,bal,68,5178.4
38,bal,85,8700.0
69,bal,68,3128895.55
89,bal,75,88.67
96,bal,83,32.58
103,bal,77,4.2
106,bal,86,30357.94
113,bal,76,66.59
118,bal,73,54861.68
138,bal,72,28185.75
144,bal,82,35492.99
158,bal,75,270809.14
161,bal,85,174.84
164,bal,86,6.86
171,bal,83,8349.43
183,bal,88,97495.41
189,bal,76,184.19
191,bal,71,18924.61
215,bal,81,222.0
222,bal,77,24388.31
232,bal,81,946.11
281,bal,82,12156.4
304,bal,73,0.94
321,bal,73,33038.12
326,bal,81,0.0
333,bal,89,5262457.18
340,bal,82,8613.05
341,bal,80,50022.17
394,bal,79,3026.2
402,bal,74,50609.46
404,bal,66,4128.95
412,bal,81,2276.76
424,bal,69,1408.89
481,bal,66,18924.45
536,bal,66,2031.26
538,bal,76,180961.79
558,bal,78,39019.47
572,bal,76,50193.62
581,bal,84,17655.23
582,bal,81,80053.78
587,bal,86,7821.56
609,bal,67,9743.89
611,bal,81,505732.48
620,bal,76,12023.78
655,bal,67,201934.48
670,bal,80,157891.02
685,bal,88,41749.72
698,bal,87,393.34
709,bal,76,4706.69
712,bal,80,759624.97
724,bal,79,50593.37
737,bal,89,59.69
740,bal,86,313229.03
744,bal,86,1495.93
760,bal,89,11889.34
780,bal,74,2916.41
788,bal,78,0.05
818,bal,72,0.0
819,bal,81,538.74
823,bal,88,80420.18
834,bal,74,9.96
842,bal,66,20682.24
847,bal,74,10.46
888,bal,77,875.61
898,bal,78,825903.25
971,bal,75,0.07
972,bal,66,3.88
990,bal,67,5926.93
1004,bal,73,688.93
1021,bal,71,354529.16
1040,bal,66,7.56
1043,bal,88,28139.28
1053,bal,80,1163.15
1060,bal,75,618.26
1067,bal,72,20.11
1083,bal,75,1716879.72
1099,bal,73,4115.41
1109,bal,68,1436.3
1114,bal,78,1728.49
1119,bal,82,56310.88
1132,bal,73,1774.35
1136,bal,83,199.1
1148,bal,74,251988.88
1158,bal,83,10038.03
1184,bal,74,4876.19
1187,bal,70,37865.22
1209,bal,73,391.98
1211,bal,88,12686.18
1214,bal,75,178275.95
1233,bal,72,38197.85
1252,bal,74,6345.01
1258,bal,75,4545828.78
1260,bal,74,8051.61
1269,bal,72,2116.38
1291,bal,72,2679.5
1300,bal,68,1597.3
1308,bal,71,0.03
1312,bal,89,6026.07
1342,bal,77,10361.28
1357,bal,82,1852.99
1363,bal,85,3186.0
1369,bal,83,831084.93
1384,bal,81,9.56
1385,bal,67,304.07
1398,bal,81,1004.52
1420,bal,83,6780.17
1454,bal,84,12755.12
1468,bal,87,11.94
1498,bal,77,3603.14
1506,bal,77,16458.6
1573,bal,83,11461.48
1589,bal,81,6026.35
1596,bal,75,804.62
1616,bal,82,683017.92
1658,bal,67,331458.15
1661,bal,86,1867.47
1673,bal,80,25894.06
1679,bal,89,24244.1
1694,bal,87,33406.53
1696,bal,79,417.61
1730,bal,69,20062.64
1731,bal,81,454.7
1741,bal,78,35714.35
1746,bal,77,552.32
1748,bal,82,3217.49
1759,bal,66,216751.33
1763,bal,89,561728.08
1783,bal,72,0.87
1786,bal,69,7551.12
1801,bal,80,9838.9
1805,bal,79,15308.23
1810,bal,81,0.0
1816,bal,78,178.83
1819,bal,72,11.84
1828,bal,88,9643.52
1829,bal,69,11487.11
1835,bal,82,25574.55
1840,bal,88,5507.49
1841,bal,83,41297.15
1887,bal,86,597.57
1890,bal,80,444367.77
1892,bal,81,50.41
1893,bal,74,75031.03
1922,bal,78,10871.26
1932,bal,67,2016873.0
1936,bal,81,1717.07
1943,bal,89,10935.0
1958,bal,74,533.25
1962,bal,84,16970.36
1998,bal,88,11217.97
2034,bal,77,13120.57
2070,bal,88,5926.49
2079,bal,89,10904.92
2086,bal,87,2.91
2087,bal,89,172346.66
2090,bal,81,454872.99
2103,bal,66,7453.65
2111,bal,78,7568.07
2113,bal,82,320422.36
2140,bal,80,2751.08
2163,bal,76,9474.38
2187,bal,83,1645.14
2192,bal,69,6253.45
2201,bal,67,28456.01
2207,bal,81,533.74
2212,bal,70,23878.76
2221,bal,84,135082.32
2233,bal,70,42768.32
2245,bal,82,5009.45
2251,bal,80,26596.92
2273,bal,84,15307.54
2274,bal,83,3910835.75
2284,bal,81,17730.57
2297,bal,78,383578.0
2302,bal,74,13382.43
2303,bal,80,17504.73
2349,bal,67,18174.99
2350,bal,74,231669.98
2351,bal,86,16891.05
2352,bal,76,225.33
2359,bal,75,0.11
2366,bal,86,49.54
2376,bal,87,653.58
2379,bal,74,32424.34
2403,bal,73,639655.05
2478,bal,78,60867.05
2505,bal,84,48.72
2508,bal,79,19007.76
2527,bal,71,845710.63
2564,bal,80,457.79
2565,bal,75,34502.92
2572,bal,70,29476.42
2581,bal,82,33305.95
2597,bal,83,4901.66
2626,bal,68,176694.01
2632,bal,76,918.01
2641,bal,67,7886.37
2644,bal,85,12904.86
2646,bal,76,548.24
2678,bal,78,9781.56
2682,bal,83,5772.91
2717,bal,76,4346.97
2732,bal,79,151.64
2736,bal,82,823.1
2740,bal,68,1479.02
2742,bal,88,0.74
2773,bal,75,47.43
2791,bal,79,70000.62
2794,bal,76,50629.22
2804,bal,76,58769.36
2806,bal,78,2327.84
2816,bal,66,4357523.17
2831,bal,84,27596.62
2846,bal,82,2145.22
2852,bal,72,3126.45
2853,bal,73,51.1
2854,bal,89,8184.13
2869,bal,76,102721.39
2880,bal,86,121931.26
2886,bal,69,0.9
2889,bal,70,95176.7
2896,bal,87,272.38
2916,bal,77,2179.23
2927,bal,84,200.0
2930,bal,75,1765.64
2951,bal,86,481.12
2956,bal,79,26109.76
2968,bal,72,3571351.22
3003,bal,77,150176.04
3016,bal,83,32038.4
3020,bal,71,676656.05
3048,bal,76,1273.96
3077,bal,67,1995952.73
3087,bal,76,40690.36
3090,bal,72,183338.45
3097,bal,72,358.24
3107,bal,67,137409.92
3110,bal,69,127550.65
3117,bal,66,110724.99
3126,bal,74,0.77
3127,bal,79,23.22
3142,bal,71,837131.47
3175,bal,87,13842.5
3181,bal,80,163513.9
3185,bal,69,0.57
3187,bal,70,3224.73
3200,bal,66,451820.06
3204,bal,85,0.08
3236,bal,70,29498.81
3243,bal,69,106222.56
3256,bal,66,20194.39
3263,bal,80,67.62
3285,bal,81,3597875.07
3302,bal,70,11787.17
3307,bal,85,0.0
3318,bal,89,1159.82
3327,bal,70,62942.02
3347,bal,72,3726.78
3349,bal,70,6618.96
3363,bal,80,2023.42
3406,bal,77,2724.52
3407,bal,78,1798005.09
3408,bal,68,6271.2
3463,bal,72,76673.23
3479,bal,68,7799.43
3494,bal,88,105001.51
3530,bal,80,129413.72
3540,bal,81,262766.17
3555,bal,84,112.25
3561,bal,85,61337.81
3595,bal,87,37.96
3600,bal,73,5.67
3611,bal,83,18034.52
3618,bal,75,37816.95
3638,bal,83,1903.58
3640,bal,69,5477.93
3641,bal,70,2134.11
3651,bal,81,21993.24
3660,bal,80,33.69
3661,bal,81,67667.57
3664,bal,72,27632.09
3676,bal,77,2657621.35
3679,bal,67,3018.15
3712,bal,82,0.0
3719,bal,69,15553.58
3733,bal,84,4519.62
3751,bal,70,16990.46
3759,bal,71,208139.89
3801,bal,70,337.97
3811,bal,78,19009.42
3827,bal,78,3602003.13
3879,bal,80,148279.3
3881,bal,70,8862.95
3907,bal,88,15561.41
3922,bal,80,637814.86
3941,bal,67,3.6
3972,bal,79,5795.82
3999,bal,83,1570.93
4001,bal,84,5847.49
4007,bal,75,656.55
4011,bal,85,13778.7
4033,bal,69,369542.25
4039,bal,68,47.51
4050,bal,66,788.77
4062,bal,84,57156.44
4080,bal,75,27.39
4091,bal,72,687961.63
4101,bal,82,0.77
4109,bal,81,6867.35
4131,bal,69,8677.46
4145,bal,87,22907.44
4147,bal,66,668123.09
4163,bal,81,567435.26
4168,bal,79,17300.85
4213,bal,73,10733.92
4226,bal,87,407.37
4227,bal,75,87313.03
4241,bal,69,235051.29
4247,bal,86,7387.28
4249,bal,87,6622.55
4256,bal,66,63031.5
4263,bal,81,119748.91
4289,bal,72,36.27
4333,bal,83,105654.47
4340,bal,69,1949.32
4383,bal,89,26831.52
4388,bal,88,0.34
4438,bal,89,13610.33
4463,bal,89,5254.19
4491,bal,81,541.54
4503,bal,68,168389.06
4530,bal,82,3182.58
4551,bal,83,1033999.09
4580,bal,76,40727.7
4583,bal,87,510331.81
4585,bal,69,151358.19
4588,bal,69,13.89
4589,bal,66,12299.26
4600,bal,85,5389.87
4627,bal,69,73977.27
4628,bal,81,642.72
4665,bal,73,762996.39
4668,bal,81,4383.25
4674,bal,76,393092.82
4682,bal,74,49.76
4688,bal,69,4469.23
4705,bal,81,40470.38
4712,bal,74,3463.27
4735,bal,76,571812.04
4739,bal,77,576.91
4763,bal,75,0.0
4770,bal,67,2591.67
4787,bal,71,887.59
4796,bal,89,580.65
4803,bal,71,2599.44
4831,bal,76,97416.99
4853,bal,79,3241.58
4859,bal,75,120374.44
4875,bal,84,337.17
4892,bal,82,17867.48
4918,bal,88,20775.4
4925,bal,73,3066264.22
4969,bal,84,188002.4
5002,bal,78,327.07
5008,bal,80,1111074.17
5021,bal,70,12.17
5029,bal,82,1750876.5
5031,bal,80,5020.79
5036,bal,84,1568.5
5067,bal,82,78932.52
5075,bal,77,739737.81
5079,bal,83,48940.01
5093,bal,77,55351.71
5095,bal,76,13.5
5128,bal,78,780.9
5134,bal,81,7509.07
5157,bal,68,24702.68
5166,bal,79,9.21
5190,bal,79,2779.64
5197,bal,80,10300.4
5257,bal,72,7409.32
5278,bal,78,46387.53
5281,bal,80,14283.1
5284,bal,83,106437.24
5317,bal,74,4536.97
5325,bal,67,2257.06
5339,bal,74,31953.84
5346,bal,81,2437.86
5347,bal,89,2747.38
5363,bal,81,2265075.67
5364,bal,71,0.08
5367,bal,83,11009.46
5368,bal,76,345.01
5373,bal,86,48.87
5389,bal,70,89745.47
5407,bal,79,112371.62
5441,bal,82,0.0
5479,bal,82,0.0
5482,bal,71,787524.22
5505,bal,70,128450.22
5510,bal,77,7659.2
5512,bal,83,8498.29
5518,bal,86,742.95
5528,bal,68,117.99
5533,bal,66,138729.98
5553,bal,75,3052.78
5575,bal,78,160123.01
5577,bal,77,11.99
5581,bal,87,14195.99
5593,bal,70,4617.8
5599,bal,73,299219.69
5601,bal,89,647.58
5606,bal,85,6941.4
5622,bal,89,327788.6
5632,bal,85,23.98
5649,bal,87,60320.66
5659,bal,81,514.76
5675,bal,69,85562.36
5691,bal,77,2771076.21
5692,bal,82,2125.21
5712,bal,88,3184.27
5727,bal,79,244839.56
5728,bal,73,13457.85
5736,bal,71,684.05
5743,bal,79,339679.43
5745,bal,71,60098.53
5747,bal,77,10634.46
5762,bal,78,0.75
5791,bal,81,175335.99
5804,bal,77,37.61
5814,bal,81,6989.44
5836,bal,79,1989.98
5848,bal,89,0.0
5852,bal,77,2390.52
5854,bal,70,94.56
5858,bal,76,1588.13
5865,bal,83,218397.15
5876,bal,66,3938.5
5897,bal,86,940.88
5903,bal,81,50243.08
5916,bal,74,0.0
5929,bal,67,269126.83
5947,bal,78,1846202.02
5949,bal,73,7408.68
5950,bal,68,19.0
5953,bal,71,5765.22
5985,bal,79,20.85
5987,bal,70,261.01
5994,bal,74,27678.13
6017,bal,71,7424.35
6032,bal,73,143.05
6033,bal,66,30450.58
6051,bal,89,229953.93
6054,bal,73,2359.12
6100,bal,73,1758232.58
6104,bal,86,7392.27
6110,bal,70,50.62
6113,bal,82,508049.46
6136,bal,71,78276.04
6145,bal,72,9507.37
6147,bal,76,7900.49
6170,bal,82,10405.7
6192,bal,73,1027304.76
6216,bal,78,0.0
6219,bal,88,134221.06
6243,bal,85,5827.16
6246,bal,84,27790.27
6287,bal,80,48917.57
6303,bal,81,171086.14
6306,bal,75,7495.87
6340,bal,85,0.17
6342,bal,78,32851.88
6377,bal,75,507476.26
6379,bal,71,490693.14
6384,bal,82,12039.01
6406,bal,77,61972.5
6410,bal,76,1981509.5
6465,bal,86,7250.4
6466,bal,82,15602.97
6474,bal,87,21692.48
6483,bal,80,7786.87
6486,bal,70,30211.33
6520,bal,83,75490.24
6546,bal,88,6252.26
6548,bal,89,2989702.09
6559,bal,87,9458.1
6587,bal,89,355.96
6593,bal,80,50181.99
6596,bal,76,2.85
6617,bal,79,1271.63
6629,bal,85,166640.89
6637,bal,72,111700.26
6640,bal,78,13382.55
6657,bal,67,17044.56
6701,bal,71,15.7
6702,bal,78,2372.02
6704,bal,89,861.39
6708,bal,84,13844.21
6728,bal,79,9872.87
6752,bal,78,14.71
6796,bal,82,6020.12
6797,bal,85,1263262.59
6802,bal,86,0.26
6816,bal,84,350409.26
6818,bal,89,2549.79
6843,bal,70,6965.11
6846,bal,74,29421.55
6850,bal,89,4926.72
6854,bal,68,171258.32
6872,bal,75,280609.93
6875,bal,86,3282.39
6877,bal,88,229469.95
6878,bal,88,120356.1
6882,bal,83,275300.68
6890,bal,70,2040.53
6914,bal,83,1705.2
6949,bal,79,2963.94
6954,bal,85,137757.59
6975,bal,78,4678.15
6982,bal,80,2746.4
7016,bal,73,32962.16
7040,bal,71,3233640.77
7068,bal,74,508258.19
7074,bal,66,9772.49
7078,bal,80,152605.16
7098,bal,72,1128.34
7105,bal,89,6580848.45
7107,bal,67,5809.15
7111,bal,68,6743.59
7115,bal,72,8779.75
7145,bal,78,1365.11
7159,bal,75,714735.93
7197,bal,73,30.29
7201,bal,72,3487.43
7206,bal,74,144.69
7217,bal,87,92.12
7238,bal,67,1236.42
7281,bal,77,20005.98
7282,bal,87,563.77
7302,bal,83,3113200.25
7316,bal,79,11045.33
7324,bal,70,155678.57
7338,bal,78,653.66
7348,bal,74,111175.0
7360,bal,87,195619.35
7412,bal,71,38783.83
7417,bal,70,61.79
7436,bal,75,17105.48
7438,bal,85,506233.83
7456,bal,72,17036.93
7472,bal,69,6230.61
7483,bal,79,3888.63
7486,bal,70,5842.77
7487,bal,88,2736.56
7494,bal,80,86194.09
7527,bal,69,101475.57
7545,bal,82,258700.2
7551,bal,81,1119.38
7567,bal,84,208.31
7594,bal,77,6840.11
7610,bal,78,30792.51
7648,bal,67,6343.81
7662,bal,80,1507.95
7670,bal,66,1.55
7683,bal,85,64880.21
7693,bal,89,1875.3
7694,bal,75,179957.34
7695,bal,74,2341.88
7705,bal,88,3.85
7708,bal,82,11150.12
7709,bal,88,789576.37
7792,bal,67,677.67
7794,bal,81,1582.34
7810,bal,81,665706.47
7822,bal,73,387896.13
7854,bal,82,124400.26
7859,bal,78,683064.11
7872,bal,66,15.88
7875,bal,67,22518.46
7882,bal,75,135081.28
7898,bal,74,3.32
7911,bal,79,22569.11
7913,bal,88,105.34
7919,bal,83,5366691.5
7972,bal,67,77178.17
7993,bal,80,8764.19
8002,bal,88,16111.8
8012,bal,88,172199.1
8031,bal,67,5599.01
8039,bal,86,101225.49
8045,bal,69,73049.18
8052,bal,79,23938.46
8063,bal,86,180922.38
8076,bal,72,59.04
8081,bal,87,484010.69
8086,bal,85,269.78
8126,bal,67,14942.57
8136,bal,70,1649.01
8157,bal,74,19895.89
8186,bal,89,55258.9
8196,bal,67,33152.93
8203,bal,87,588.34
8216,bal,89,2661.64
8220,bal,72,7023.47
8225,bal,67,130.2
8229,bal,67,40.97
8294,bal,85,409.27
8302,bal,81,2479.61
8313,bal,66,103135.81
8318,bal,86,3902.93
8322,bal,69,305.91
8334,bal,83,336.03
8374,bal,86,1.23
8381,bal,70,623.23
8424,bal,77,50160.79
8437,bal,76,10585.82
8444,bal,74,114407.09
8454,bal,66,4179.42
8472,bal,87,4401093.0
8486,bal,69,1845.33
8497,bal,89,4554.56
8521,bal,72,3514.28
8522,bal,79,514.46
8556,bal,80,9817.68
8557,bal,73,1817447.95
8578,bal,89,372810.82
8590,bal,87,3.24
8591,bal,86,686262.28
8595,bal,85,1.85
8614,bal,89,6.32
8616,bal,67,462545.11
8641,bal,87,139.39
8667,bal,77,1939.47
8670,bal,81,135363.26
8687,bal,87,4000.62
8700,bal,68,8.86
8705,bal,69,325682.17
8710,bal,69,0.0
8724,bal,67,0.0
8758,bal,66,3249.63
8761,bal,84,166178.7
8762,bal,85,2025.67
8785,bal,69,66826.63
8796,bal,87,585075.03
8801,bal,81,4237.08
8812,bal,79,2744.13
8832,bal,78,55981.95
8833,bal,70,8286.76
8869,bal,66,8621.6
8871,bal,78,0.92
8879,bal,68,31.71
8889,bal,69,57077.31
8895,bal,78,39337.08
8910,bal,69,1433640.35
8932,bal,78,34.03
8938,bal,79,49888.3
8953,bal,72,3140.76
9020,bal,83,9703.81
9032,bal,84,140724.29
9046,bal,67,179784.01
9050,bal,85,230188.44
9069,bal,73,2812951.62
9084,bal,66,0.64
9093,bal,69,22217.44
9113,bal,73,2987.79
9151,bal,67,8083.52
9168,bal,87,20727.38
9173,bal,86,265.45
9174,bal,87,1.1
9197,bal,82,957.97
9205,bal,86,3704997.16
9214,bal,77,570965.94
9218,bal,82,30155.02
9221,bal,89,17109.19
9238,bal,70,35556.32
9245,bal,84,188.73
9260,bal,73,97.76
9287,bal,68,47891.57
9293,bal,73,742964.97
9310,bal,76,95177.6
9317,bal,88,24778.0
9327,bal,87,750.05
9342,bal,81,82.07
9359,bal,88,1061.56
9373,bal,69,374.49
9402,bal,74,345546.34
9421,bal,80,10073.57
9424,bal,88,50640.64
9436,bal,73,1829.26
9468,bal,73,6.37
9471,bal,69,301.2
9484,bal,89,887161.13
9492,bal,83,14117.21
9509,bal,77,377759.6
9513,bal,77,617.54
9579,bal,71,2071.35
9580,bal,68,4089837.6
9582,bal,75,37113.27
9601,bal,89,58256.75
9612,bal,66,60.35
9639,bal,85,735.31
9667,bal,73,60061.89
9680,bal,89,25104.44
9682,bal,71,56326.34
9694,bal,88,8804.86
9704,bal,82,12295.99
9755,bal,81,378.25
9760,bal,66,5171351.05
9763,bal,76,52062.3
9790,bal,85,426.07
9833,bal,70,7499.47
9836,bal,87,6332.11
9868,bal,87,102.36
9871,bal,84,567991.72
9877,bal,78,1570050.36
9898,bal,66,7002.67
9908,bal,70,123.39
9918,bal,69,30713.3
9936,bal,78,156102.18
9940,bal,77,38138.78
9941,bal,66,45601.05
9956,bal,80,556.51
9975,bal,77,1352.56
9993,bal,83,506.92
10003,bal,72,49374.63
10006,bal,88,2131.96
10027,bal,72,42746.14
10042,bal,79,6885.62
10053,bal,87,10289.21
10064,bal,86,1501741.46
10068,bal,84,8206.51
10076,bal,72,50850.92
10129,bal,89,1419764.5
10139,bal,87,5082.07
10161,bal,81,2036.69
10164,bal,84,1074.33
10197,bal,70,128.25
10198,bal,71,283.01
10222,bal,78,37.17
10225,bal,75,3044986.37
10232,bal,76,10500.0
10235,bal,86,1427.01
10237,bal,82,128.75
10251,bal,85,18882.43
10258,bal,80,9.54
10261,bal,80,5.06
10298,bal,75,15.13
10319,bal,84,24630.09
10325,bal,79,2813.81
10335,bal,83,238428.64
10338,bal,88,171.99
10342,bal,68,193600.19
10346,bal,83,15098.18
10387,bal,84,5711.68
10402,bal,72,60475.51
10416,bal,89,47.76
10417,bal,79,269.03
10432,bal,88,106214.44
10442,bal,73,137874.57
10458,bal,69,25023.97
10459,bal,70,9780.01
10460,bal,89,44768.32
10471,bal,89,2174.49
10507,bal,80,8381.94
10533,bal,83,67430.72
10553,bal,71,7374.13
10576,bal,76,85284.5
10624,bal,88,25.03
10640,bal,70,26943.73
10659,bal,84,42.97
10673,bal,75,225617.41
10674,bal,69,0.0
10681,bal,68,1459.05
10693,bal,71,649320.42
10715,bal,75,5650.17
10726,bal,85,13654.27
10749,bal,67,0.28
10767,bal,75,73339.56
10803,bal,67,422149.1
10812,bal,85,0.0
10815,bal,78,38.96
10830,bal,80,149483.4
10841,bal,81,100330.39
10845,bal,87,487.89
10848,bal,69,1.42
10851,bal,86,9250.08
10865,bal,80,58002.0
10874,bal,83,3988.38
10883,bal,72,43039.46
10916,bal,72,200.48
10923,bal,74,620.58
10928,bal,70,30370.49
10931,bal,80,553.18
10944,bal,89,38750.0
10976,bal,83,3023029.26
10998,bal,87,5371.74
11033,bal,79,0.28
11064,bal,80,3.68
11078,bal,77,3451.65
11091,bal,88,61298.2
11103,bal,72,5153.35
11119,bal,82,3689996.32
11123,bal,69,469.15
11128,bal,78,27588.76
11137,bal,81,465471.65
11147,bal,77,965528.67
11151,bal,68,1047.23
11162,bal,82,113966.46
11196,bal,72,14998.63
11199,bal,80,0.7
11236,bal,72,1455.41
11239,bal,89,137505.76
11243,bal,84,29.62
11252,bal,87,1051489.73
11255,bal,85,22545.85
11264,bal,74,4379.17
11274,bal,73,1411113.18
11282,bal,79,1576.78
11292,bal,84,1416.89
11304,bal,77,3600.66
11330,bal,75,5842.68
11356,bal,74,0.97
11375,bal,66,74.79
11378,bal,73,2404.31
11379,bal,69,7264.19
11380,bal,68,143.63
11389,bal,85,33889.15
11405,bal,76,437.13
11406,bal,87,6526.59
11417,bal,86,5.5
11422,bal,69,332618.59
11423,bal,88,678.97
11445,bal,75,0.0
11456,bal,74,540990.73
11464,bal,87,3082.75
11471,bal,87,25918.74
11472,bal,78,3546898.06
11476,bal,67,40868.91
11485,bal,69,808129.93
11493,bal,71,74.25
11507,bal,68,69700.64
11515,bal,72,113340.23
11537,bal,73,0.17
11542,bal,68,67557.8
11577,bal,73,108694.21
11599,bal,70,733693.32
11612,bal,69,93192.24
11615,bal,87,1097.92
11656,bal,82,143.6
11675,bal,77,497.56
11683,bal,75,57.0
11702,bal,88,2.99
11711,bal,66,10348.51
11746,bal,75,0.0
11790,bal,80,192.8
11818,bal,72,0.92
11837,bal,89,297211.67
11838,bal,87,1343088.9
11839,bal,88,935025.61
11856,bal,71,12.34
11859,bal,83,6256.26
11869,bal,77,2190.4
11882,bal,84,0.0
11889,bal,70,1900806.98
11910,bal,73,986.42
11920,bal,66,299522.04
11958,bal,69,5278.3
11978,bal,77,94431.27
11983,bal,68,1069585.12
12010,bal,71,1284.94
12011,bal,70,2285.87
12014,bal,88,88794.76
12022,bal,78,92115.31
12071,bal,67,4685981.6
12075,bal,85,231239.69
12113,bal,72,6364.0
12125,bal,70,11369.64
12161,bal,79,50131.97
12168,bal,69,1.94
12172,bal,84,693888.85
12204,bal,77,40147.6
12241,bal,82,84637.86
12242,bal,83,9.52
12270,bal,74,0.96
12277,bal,85,150090.58
12278,bal,69,0.7
12305,bal,84,93927.57
12306,bal,77,370000.44
12312,bal,86,58951.91
12319,bal,84,4606.53
12343,bal,79,120678.95
12347,bal,79,35581.69
12354,bal,72,669103.26
12361,bal,67,12623.69
12369,bal,76,188859.87
12381,bal,74,11.22
12387,bal,73,12680.79
12390,bal,71,68919.91
12407,bal,69,604187.03
12424,bal,77,5304.31
12425,bal,74,53862.38
12438,bal,70,971.28
12449,bal,75,0.0
12455,bal,76,11163.66
12461,bal,71,58889.87
12519,bal,68,14426841.49
12528,bal,81,2901.44
12537,bal,82,11.02
12561,bal,89,72606.64
12565,bal,73,2912682.74
12573,bal,73,61.02
12622,bal,80,10.61
12641,bal,80,390419.71
12649,bal,76,101218.3
12652,bal,70,18662.0
12671,bal,68,2048921.85
12675,bal,77,70.4
12686,bal,72,5447.42
12705,bal,70,1065825.17
12735,bal,79,5329.68
12750,bal,79,188932.29
12760,bal,68,17165.13
12767,bal,72,14054.29
12772,bal,69,56100.79
12780,bal,72,60933.51
12790,bal,78,79462.61
12811,bal,81,87.25
12829,bal,71,104853.33
12833,bal,72,0.65
12837,bal,79,22041.99
12842,bal,80,6583.92
12846,bal,81,51134.81
12858,bal,83,572.02
12865,bal,67,254.75
12867,bal,75,1729285.34
12885,bal,83,708.69
12912,bal,74,49369.11
12953,bal,70,4087.75
12973,bal,70,40575.25
12990,bal,71,188602.82
12992,bal,79,82541.42
13013,bal,72,48.98
13025,bal,88,30817.47
13031,bal,70,1149.95
13045,bal,66,13569.29
13095,bal,87,1058.61
13101,bal,79,59.23
13115,bal,87,11710.66
13122,bal,86,21902.3
13127,bal,73,74311.06
13134,bal,76,55757.74
13138,bal,67,14928.47
13143,bal,66,2241460.01
13172,bal,73,30963.48
13176,bal,80,1989.76
13180,bal,68,470989.94
13196,bal,87,8387.43
13207,bal,89,12431.01
13215,bal,85,516.42
13217,bal,74,117806.82
13223,bal,73,676945.06
13226,bal,74,12.56
13243,bal,68,78447.99
13271,bal,80,669.34
13275,bal,77,8625.56
13290,bal,80,17148.31
13327,bal,82,74358.5
13338,bal,86,188619.75
13349,bal,69,51062.76
13363,bal,78,0.1
13364,bal,72,6571.93
13436,bal,88,21235.59
13474,bal,76,32242.62
13512,bal,69,5284.84
13518,bal,87,183906.68
13530,bal,85,2715.51
13533,bal,75,2449585.38
13554,bal,88,53960.38
13563,bal,84,149975.43
13568,bal,87,62510.46
13571,bal,73,1745.9
13576,bal,84,663021.39
13580,bal,85,28702.08
13584,bal,68,90161.98
13600,bal,87,2385916.0
13620,bal,73,17942.17
13634,bal,85,2781.16
13637,bal,88,239.14
13661,bal,76,7381.99
13678,bal,82,5355.13
13698,bal,74,6006.67
13705,bal,70,22380.15
13708,bal,69,970.93
13723,bal,73,45035.3
13742,bal,83,42366.38
13756,bal,89,0.0
13775,bal,79,1408.82
13777,bal,75,18213.46
13812,bal,89,711787.29
13820,bal,85,428.92
13863,bal,73,16664.14
13867,bal,70,69.19
13869,bal,80,13300.65
13882,bal,74,985.36
13892,bal,72,8338.39
13894,bal,80,3794.38
13913,bal,88,3693.07
13932,bal,72,13566.84
13943,bal,66,1877.32
13956,bal,68,14570.07
13969,bal,78,9128.98
13977,bal,67,1833.29
13986,bal,71,2842791.04
13988,bal,82,32818.53
13992,bal,84,13.63
13995,bal,79,6150.45
13999,bal,72,26745.22
14002,bal,73,2137.9
14032,bal,84,515501.68
14042,bal,86,20527.47
14055,bal,79,105966.3
14092,bal,86,4346.22
14134,bal,69,585.47
14168,bal,82,39603.15
14171,bal,85,59191.26
14172,bal,66,1304.65
14173,bal,70,273605.3
14174,bal,70,5158.41
14177,bal,78,5384.82
14186,bal,73,43431.78
14241,bal,66,24227.91
14265,bal,78,42931.42
14343,bal,78,952.57
14376,bal,81,708489.7
14383,bal,82,12724.39
14385,bal,83,136661.95
14422,bal,72,3343.56
14442,bal,75,68463.12
14453,bal,84,181234.77
14480,bal,85,254.84
14494,bal,88,35474.13
14500,bal,78,6321.29
14501,bal,77,8662.34
14502,bal,80,17919.47
14516,bal,75,102208.53
14517,bal,70,0.04
14537,bal,78,63951.19
14544,bal,87,266374.52
14575,bal,67,2538.52
14589,bal,84,55671.64
14594,bal,76,67.24
14604,bal,70,677.5
14613,bal,72,1831.06
14614,bal,84,236584.19
14635,bal,86,690801.57
14640,bal,74,511.76
14668,bal,76,118.58
14684,bal,87,1461.54
14694,bal,88,11768.76
14759,bal,86,111084.06
14788,bal,75,12000.0
14793,bal,85,38076.44
14821,bal,87,17745.25
14831,bal,87,37954.72
14844,bal,83,8592.0
14853,bal,85,843.29
14879,bal,71,0.0
14884,bal,67,0.59
14926,bal,76,38952.25
14954,bal,78,0.67
15014,bal,83,15841.06
15023,bal,78,1091.84
15030,bal,66,2647.07
15031,bal,84,9.86
15065,bal,85,16444.02
15067,bal,76,9366.86
15099,bal,89,283484.34
15105,bal,69,16472.72
15118,bal,85,200128.95
15168,bal,84,300902.0
15178,bal,69,1095.71
15179,bal,88,4461.92
15183,bal,66,239679.53
15200,bal,79,62060.63
15221,bal,84,100039.73
15235,bal,85,0.0
15247,bal,75,2767.09
15257,bal,87,25109.03
15275,bal,81,0.43
15278,bal,67,950417.98
15280,bal,78,8435.56
15281,bal,70,9163.72
15285,bal,79,30025.05
15290,bal,85,65903.45
15320,bal,80,1.35
15347,bal,75,60682.66
15365,bal,78,45025.87
15370,bal,82,13699.47
15380,bal,87,755630.98
15386,bal,81,919259.11
15397,bal,68,63397.16
15430,bal,84,216.03
15439,bal,75,17569.5
15444,bal,84,9701.43
15446,bal,78,282305.38
15451,bal,82,9305.44
15459,bal,71,261.7
15475,bal,68,1.15
15493,bal,75,17490.12
15512,bal,81,42326.19
15523,bal,89,4197.31
15541,bal,72,2664.16
15552,bal,74,240.64
15555,bal,89,3273.86
15584,bal,69,7371.57
15620,bal,66,2354.11
15622,bal,88,17759.32
15631,bal,82,1113.95
15661,bal,67,130435.65
15665,bal,85,4926.35
15673,bal,74,4.72
15679,bal,73,6513.52
15687,bal,72,1117.55
15716,bal,82,11283.46
15728,bal,81,200.56
15734,bal,82,109833.7
15735,bal,66,3090.4
15750,bal,72,116573.91
15769,bal,85,3168.66
15799,bal,70,693657.81
15802,bal,69,215.72
15814,bal,88,32649.95
15860,bal,72,3824.41
15862,bal,68,13484.4
15874,bal,74,6426.12
15882,bal,72,12650.81
15886,bal,69,1105.32
15898,bal,71,34.98
15900,bal,89,45469.42
15912,bal,89,48091.23
15919,bal,75,10393.92
15927,bal,70,607814.82
15929,bal,68,134.56
15934,bal,70,50718.04
15969,bal,86,0.19
15970,bal,72,221214.93
15984,bal,82,66586.8
15985,bal,70,100.88
15989,bal,86,11.93
15990,bal,67,16171.53
16032,bal,76,46379.98
16041,bal,70,0.58
16045,bal,81,11247.36
16051,bal,70,98759.17
16054,bal,72,74.19
16060,bal,72,545793.4
16074,bal,77,2131599.24
16125,bal,75,78.43
16141,bal,70,8038.65
16145,bal,88,37.03
16165,bal,71,33253.67
16174,bal,87,195329.39
16212,bal,69,3162.74
16224,bal,84,27947.78
16233,bal,84,296993.73
16240,bal,86,181281.22
16267,bal,80,17169.99
16274,bal,76,23394.03
16283,bal,78,1460.51
16301,bal,68,4975.59
16302,bal,84,3854.6
16304,bal,71,52745.69
16306,bal,67,176279.46
16312,bal,70,3109.39
16360,bal,72,21210.35
16372,bal,80,53004.78
16377,bal,71,106991.11
16391,bal,88,29.42
16405,bal,82,67830.1
16414,bal,66,1070.0
16454,bal,86,6226.02
16468,bal,69,2512.73
16491,bal,82,426973.51
16512,bal,77,35.81
16513,bal,73,107990.84
16544,bal,71,604121.62
16545,bal,71,6139.66
16558,bal,87,269742.05
16579,bal,89,83756.85
16602,bal,82,3360.01
16610,bal,74,769.95
16616,bal,73,393.54
16618,bal,78,46002.6
16620,bal,74,3936.46
16623,bal,84,0.63
16627,bal,71,2409467.31
16660,bal,67,606196.66
16671,bal,82,2229.85
16679,bal,79,225827.85
16704,bal,79,10671.12
16706,bal,68,887.25
16733,bal,79,204.93
16738,bal,83,110335.55
16741,bal,81,16271.29
16742,bal,75,63493.72
16747,bal,86,179522.0
16748,bal,88,5538.77
16780,bal,66,5661.19
16790,bal,69,89.42
16810,bal,73,23984.18
16812,bal,85,11910.18
16830,bal,75,142840.9
16837,bal,69,163964.96
16841,bal,79,397404.88
16849,bal,86,303.6
16871,bal,81,4975.68
16885,bal,71,1775356.58
16888,bal,85,7194.29
16897,bal,75,6468.57
16902,bal,80,50924.15
16918,bal,76,1562.05
16924,bal,85,7712.4
16933,bal,67,96.45
16946,bal,86,4336.84
16954,bal,80,1123.26
16969,bal,83,6461.89
16979,bal,89,66420.34
17015,bal,68,3892.99
17042,bal,83,2887.2
17058,bal,67,105074.57
17061,bal,73,42459.68
17081,bal,80,14280.53
17084,bal,75,65017.37
17087,bal,80,1359804.56
17105,bal,77,720123.45
17106,bal,70,0.7
17121,bal,66,182.12
17127,bal,72,175093.54
17171,bal,73,156.78
17177,bal,78,440.59
17183,bal,76,54535.32
17184,bal,72,2617.04
17189,bal,74,2913.01
17190,bal,86,4757.51
17224,bal,67,675776.87
17229,bal,84,24293.27
17234,bal,67,1120.24
17243,bal,74,14993.78
17274,bal,68,287.77
17277,bal,78,0.0
17284,bal,80,12747.77
17317,bal,88,105380.07
17331,bal,89,4540.72
17337,bal,67,4305.57
17347,bal,83,595987.66
17367,bal,71,221284.36
17368,bal,72,80506.46
17375,bal,66,4425168.46
17376,bal,74,734555.49
17414,bal,68,4092.83
17418,bal,88,11796.45
17458,bal,84,571907.63
17460,bal,67,399675.29
17478,bal,88,440.72
17481,bal,81,13294.84
17497,bal,71,2501.26
17509,bal,70,612597.36
17512,bal,71,11393.95
17517,bal,72,290201.09
17545,bal,87,10717.67
17546,bal,76,8997.57
17568,bal,89,637.24
17606,bal,87,15823.04
17614,bal,81,29606.93
17640,bal,68,2295.24
17664,bal,84,45056.46
17676,bal,80,5929.83
17682,bal,72,0.0
17686,bal,68,788.12
17695,bal,67,51117.89
17698,bal,84,7006.8
17707,bal,83,144113.68
17737,bal,73,653789.95
17748,bal,75,20.81
17755,bal,89,11414.36
17785,bal,69,0.38
17789,bal,89,4.0
17802,bal,71,22.42
17815,bal,85,6225.33
17821,bal,82,1214.1
17831,bal,67,4914.98
17833,bal,78,3682.49
17843,bal,71,473643.83
17845,bal,72,37068.98
17861,bal,66,500.31
17869,bal,86,907.34
17889,bal,66,587.06
17898,bal,87,35181.01
17954,bal,82,4167.98
17973,bal,66,15586.91
17999,bal,66,11432.87
18006,bal,87,64174.17
18016,bal,70,4686.26
18019,bal,76,3892.92
18020,bal,67,163667.88
18048,bal,83,686533.47
18058,bal,82,14218.08
18072,bal,70,4970.77
18079,bal,86,17926.49
18085,bal,87,2298.27
18098,bal,80,253.75
18104,bal,72,11236.8
18115,bal,83,37631.98
18118,bal,72,76.7
18140,bal,70,8566.92
18144,bal,88,194.51
18147,bal,88,4.9
18181,bal,89,220410.7
18187,bal,71,217.21
18210,bal,73,54929.65
18227,bal,67,577.58
18242,bal,72,10716.54
18245,bal,84,717960.36
18254,bal,89,271071.9
18264,bal,76,906391.93
18292,bal,82,1507.3
18297,bal,83,383737.05
18373,bal,73,2007.45
18377,bal,76,51968.12
18381,bal,77,4670.13
18401,bal,88,159985.55
18434,bal,66,3736.34
18439,bal,83,9.38
18440,bal,85,18419.86
18441,bal,85,1991.66
18472,bal,70,20.19
18473,bal,77,21.56
18484,bal,70,3446.78
18489,bal,70,6714.49
18518,bal,78,4207.5
18522,bal,84,2319.2
18582,bal,75,2.72
18590,bal,72,337166.57
18595,bal,72,35139.62
18607,bal,79,534.54
18608,bal,77,922066.9
18621,bal,74,9514.48
18628,bal,88,1020.82
18630,bal,86,1.0
18641,bal,84,0.0
18648,bal,75,128196.67
18676,bal,72,8.0
18682,bal,85,37200.44
18699,bal,72,73.46
18700,bal,87,419711.86
18701,bal,87,16162.55
18712,bal,84,15601.73
18728,bal,87,435.86
18729,bal,77,11823.77
18750,bal,83,3606.46
18752,bal,70,30518.17
18772,bal,74,70036.04
18781,bal,70,129604.5
18782,bal,67,40367.36
18783,bal,79,1081.38
18784,bal,68,56902.53
18789,bal,75,7700.32
18805,bal,89,546.02
18833,bal,72,40.95
18837,bal,89,24596.34
18842,bal,67,767.12
18844,bal,76,95.95
18851,bal,88,4137.24
18878,bal,71,0.0
18888,bal,83,3801.21
18898,bal,76,72.99
18916,bal,83,23.01
18921,bal,89,1166801.27
18931,bal,81,14588.95
18940,bal,80,13279.08
18945,bal,69,1572.21
18965,bal,87,383779.67
18973,bal,79,168392.73
18983,bal,77,49.55
18986,bal,70,3091.56
19013,bal,87,10495.51
19024,bal,82,9187.15
19040,bal,69,163.21
19048,bal,81,2665.22
19053,bal,79,430149.93
19058,bal,66,6986146.9
19062,bal,88,14116.02
19065,bal,80,13965.84
19085,bal,83,269508.7
19104,bal,68,77104.31
19108,bal,89,415572.91
19112,bal,85,37344.54
19150,bal,83,659899.12
19175,bal,73,813964.96
19179,bal,79,178.08
19183,bal,77,15556.71
19244,bal,75,322776.66
19246,bal,89,1710.25
19249,bal,89,1532.82
19253,bal,80,54.87
19279,bal,81,2583.31
19280,bal,71,256.0
19292,bal,78,32092.24
19306,bal,66,272235.99
19322,bal,74,75712.88
19351,bal,87,13519.65
19357,bal,71,37.88
19392,bal,71,10538.39
19417,bal,82,0.71
19462,bal,72,55155.38
19480,bal,86,4.17
19490,bal,66,556.99
19512,bal,66,16130.14
19514,bal,74,69260.09
19534,bal,78,200.0
19536,bal,89,29822.54
19554,bal,86,19910.19
19565,bal,89,3548.85
19578,bal,72,197548.1
19597,bal,71,1081063.22
19617,bal,79,86.95
19674,bal,86,4662.79
19685,bal,86,88244.78
19705,bal,84,614477.0
19707,bal,89,1262.23
19708,bal,66,0.19
19742,bal,82,87352.93
19755,bal,73,205310.45
19789,bal,73,19832.64
19801,bal,71,13354414.75
19817,bal,72,1210.27
19822,bal,84,49384.87
19826,bal,78,0.0
19841,bal,75,8438.94
19846,bal,87,122117.65
19851,bal,79,2352.38
19853,bal,81,191860.24
19885,bal,81,61578.38
19888,bal,77,50103.19
19903,bal,88,6960.75
19908,bal,79,277.79
19913,bal,69,4600.03
19918,bal,78,5513.7
19929,bal,85,99783.42
19930,bal,79,12899.73
19964,bal,71,735119.03
19978,bal,74,1284.8
19986,bal,86,18368.31
19991,bal,66,40.64
20002,bal,67,50.64
20004,bal,83,1035863.14
20050,bal,89,6740.54
20088,bal,74,3028.66
20097,bal,78,42784.1
20099,bal,76,124070.95
20111,bal,74,44.8
20125,bal,66,3330.05
20152,bal,68,1379.64
20180,bal,80,36277.95
20184,bal,75,12018.32
20239,bal,76,830772.01
20276,bal,68,181642.68
20315,bal,83,215.04
20352,bal,88,32012.46
20361,bal,71,13315.42
20370,bal,88,131.83
20373,bal,84,2581.87
20405,bal,87,9627.23
20421,bal,81,393.88
20445,bal,75,13.95
20454,bal,85,30371.54
20460,bal,73,508150.47
20465,bal,84,118.95
20471,bal,68,0.58
20475,bal,67,295.58
20488,bal,86,21842.18
20507,bal,78,78833.94
20537,bal,70,21796.03
20545,bal,79,4926.0
20552,bal,85,42860.55
20557,bal,79,0.0
20559,bal,67,1513.93
20560,bal,67,22612.79
20570,bal,83,0.1
20589,bal,83,219.21
20591,bal,81,227585.38
20596,bal,71,2224507.52
20625,bal,86,278.81
20630,bal,72,470.74
20642,bal,88,322364.1
20644,bal,70,11753.49
20663,bal,67,547.63
20680,bal,72,12053.4
20691,bal,72,1594.6
20739,bal,73,28014.18
20740,bal,85,0.0
20741,bal,85,321180.79
20764,bal,79,9208.76
20816,bal,72,32110.12
20843,bal,82,988.22
20868,bal,77,1554.94
20897,bal,79,21164.91
20902,bal,83,36077.37
20907,bal,72,5681.03
20925,bal,67,13428.06
20939,bal,80,202493.24
20946,bal,85,1529.65
20973,bal,69,23014.97
20974,bal,73,136.35
20998,bal,67,6269.43
21030,bal,74,479173.07
21051,bal,74,8533.86
21073,bal,86,3644521.99
21080,bal,71,52562.64
21116,bal,74,253.21
21132,bal,83,7588885.99
21138,bal,68,0.0
21145,bal,69,243880.49
21146,bal,82,11944.73
21181,bal,67,5652.24
21185,bal,81,407652.97
21192,bal,79,51111.68
21203,bal,83,21.8
21209,bal,70,1397.7
21240,bal,73,27544.98
21248,bal,75,44.57
21260,bal,67,25345.01
21287,bal,70,2576.83
21328,bal,77,10.26
21343,bal,70,278303.06
21350,bal,78,10214.72
21360,bal,75,2484.66
21366,bal,81,910332.92
21384,bal,83,619.85
21408,bal,69,57813.06
21452,bal,70,53055.36
21469,bal,82,2596.31
21482,bal,84,21415.94
21484,bal,73,57032.82
21485,bal,86,60.15
21493,bal,73,89.17
21496,bal,76,180.7
21499,bal,74,299.6
21503,bal,75,200.55
21521,bal,66,7872.85
21546,bal,89,34.33
21551,bal,70,0.0
21552,bal,81,136375.92
21660,bal,83,2183.8
21683,bal,74,56847.62
21684,bal,84,11916.57
21689,bal,83,15239.02
21701,bal,79,47418.4
21720,bal,79,90.66
21726,bal,78,8938.84
21730,bal,71,9125.44
21756,bal,75,807655.38
21767,bal,89,1070.13
21776,bal,71,4.39
21816,bal,80,566795.34
21835,bal,66,438.05
21855,bal,80,738355.44
21858,bal,84,152.3
21875,bal,76,58227.29
21889,bal,84,9868.95
21893,bal,84,163371.07
21915,bal,81,55905.38
21972,bal,74,33688.81
21979,bal,88,0.07
21998,bal,85,3753.21
22008,bal,87,74369.84
22009,bal,80,601128.88
22056,bal,72,10017.83
22057,bal,66,28519.7
22091,bal,80,0.0
22092,bal,89,246267.45
22100,bal,81,40889.04
22119,bal,69,9852.31
22132,bal,79,1736.96
22145,bal,69,4386.01
22148,bal,75,2771.79
22168,bal,69,7886.03
22183,bal,73,47498.79
22186,bal,73,29142.23
22196,bal,67,4574.12
22204,bal,69,119657.53
22222,bal,67,1940.17
22227,bal,78,2860.23
22230,bal,87,81728.71
22238,bal,70,2768.26
22251,bal,77,351.63
22260,bal,85,87036.69
22263,bal,67,16274.65
22278,bal,82,26372.71
22290,bal,75,92.06
22293,bal,68,461.86
22303,bal,89,5821.81
22329,bal,70,23212.09
22335,bal,70,24.28
22400,bal,89,1073993.27
22403,bal,78,148.06
22409,bal,75,367.31
22413,bal,78,2845.01
22417,bal,81,44.06
22425,bal,84,5095.29
22430,bal,85,576.83
22436,bal,84,6822.79
22469,bal,82,1.53
22490,bal,83,10392.37
22500,bal,80,9876.9
22502,bal,78,25386.69
22519,bal,76,179005.39
22523,bal,68,2999.86
22528,bal,81,103659.65
22532,bal,82,3312.13
22543,bal,84,146305.41
22568,bal,69,17890.74
22571,bal,74,638986.04
22582,bal,88,2555.41
22593,bal,81,23077.87
22595,bal,78,0.0
22608,bal,72,3757.4
22613,bal,78,4571122.48
22627,bal,73,33979.93
22635,bal,80,20.36
22645,bal,72,19184.55
22651,bal,83,1.82
22652,bal,67,586685.51
22667,bal,81,25105.77
22678,bal,74,106.57
22687,bal,74,5139.29
22690,bal,84,4724.31
22693,bal,82,50021.01
22697,bal,78,9.35
22707,bal,74,1008.72
22724,bal,70,26381.73
22732,bal,82,61220.43
22735,bal,77,57503.46
22737,bal,89,6708.7
22769,bal,84,647.17
22780,bal,88,3002.44
22784,bal,83,203269.65
22794,bal,67,376295.82
22808,bal,79,77957.6
22815,bal,82,15282.82
22830,bal,80,937.67
22842,bal,88,117.58
22845,bal,70,11362.25
22865,bal,66,329.61
22869,bal,81,264034.64
22913,bal,86,3089.84
22937,bal,75,35389.49
22976,bal,68,1507096.01
22984,bal,67,43.77
22992,bal,66,4717.39
23007,bal,81,9883.32
23010,bal,83,5919.47
23016,bal,69,4333.53
23035,bal,75,997919.6
23036,bal,71,15322.32
23061,bal,88,134.94
23070,bal,66,11072.71
23073,bal,89,2127.91
23074,bal,82,1.0
23079,bal,83,650.87
23088,bal,87,407.36
23119,bal,87,928.12
23121,bal,76,238.57
23144,bal,84,10061.12
23154,bal,83,151562.53
23177,bal,66,3664.7
23197,bal,69,0.81
23198,bal,76,1481.19
23200,bal,66,9335.19
23202,bal,88,13522.84
23203,bal,86,1983866.08
23219,bal,89,2743.24
23231,bal,83,39266.72
23239,bal,70,493373.88
23243,bal,73,21550.03
23246,bal,67,177015.17
23256,bal,79,12365.18
23263,bal,86,20.59
23270,bal,83,151483.98
23274,bal,76,47.4
23300,bal,68,120.74
23308,bal,89,5103.91
23369,bal,75,30783.37
23401,bal,87,23770.99
23416,bal,87,5919.9
23448,bal,77,1280.84
23451,bal,80,141094.98
23454,bal,71,150140.09
23457,bal,83,22444.09
23460,bal,82,1660.38
23475,bal,88,712.72
23484,bal,83,10916.1
23499,bal,89,2382.53
23541,bal,74,12010.99
23591,bal,70,32922.01
23616,bal,74,35376.42
23624,bal,66,2173585.69
23643,bal,68,7402.46
23645,bal,77,9416.91
23650,bal,80,380.58
23703,bal,76,21228.06
23710,bal,77,0.0
23728,bal,86,1175.66
23743,bal,86,3188.7
23757,bal,77,17993.86
23761,bal,79,73.09
23773,bal,68,3683.16
23798,bal,74,208.47
23805,bal,79,12430.28
23809,bal,74,10867.29
23844,bal,79,21.88
23864,bal,72,56262.69
23871,bal,89,4360804.0
23884,bal,71,3369.98
23900,bal,85,67.49
23914,bal,81,763.87
23920,bal,74,732.56
23927,bal,86,1319.27
23937,bal,71,333.55
23944,bal,82,53688.5
23961,bal,67,52704.4
23964,bal,67,64205.74
23966,bal,78,628.29
23976,bal,76,78454.57
24002,bal,73,39311.55
24012,bal,68,545.04
24016,bal,84,306.3
24026,bal,74,5648.47
24050,bal,75,1029.22
24087,bal,73,1448.1
24090,bal,70,112369.79
24116,bal,79,3354.99
24142,bal,66,67705.36
24152,bal,66,1169.95
24157,bal,67,14822.64
24183,bal,81,101847.9
24197,bal,70,87.35
24198,bal,68,82.71
24200,bal,77,493.99
24203,bal,83,1262.36
24206,bal,74,305109.48
24242,bal,85,69173.56
24255,bal,81,79390.02
24256,bal,88,106485.33
24267,bal,74,10951.83
24275,bal,82,441.77
24278,bal,75,8483.96
24289,bal,73,26038.1
24331,bal,71,0.0
24362,bal,67,395331.66
24366,bal,85,33.89
24380,bal,70,266.62
24415,bal,75,241832.84
24430,bal,72,1034.35
24436,bal,67,358483.45
24439,bal,83,44436.81
24449,bal,88,1994.95
24456,bal,79,4897.59
24458,bal,78,3000.0
24489,bal,76,6890.43
24516,bal,85,159950.63
24519,bal,75,21674.13
24520,bal,75,280379.6
24540,bal,74,3058.74
24545,bal,76,75168.01
24549,bal,86,1697448.92
24562,bal,82,12.66
24566,bal,79,11833.27
24574,bal,86,58449.39
24587,bal,82,87602.61
24627,bal,74,46124.73
24633,bal,71,1452903.95
24636,bal,80,10.52
24641,bal,70,300.41
24657,bal,70,4314.29
24658,bal,86,416741.02
24687,bal,89,5802.27
24729,bal,66,1408801.91
24768,bal,73,297071.18
24786,bal,85,1894.38
24793,bal,77,6464.69
24818,bal,88,116256.0
24822,bal,80,415538.54
24834,bal,72,3141981.58
24840,bal,71,2129.91
24841,bal,69,2157.38
24846,bal,82,197438.32
24852,bal,80,994.97
24865,bal,82,308804.14
24889,bal,73,30343.32
24895,bal,66,508675.29
24931,bal,73,2856.79
24941,bal,75,374.66
24967,bal,83,1098069.18
24983,bal,83,816.54
25024,bal,66,134859.37
25029,bal,78,8235.27
25043,bal,82,1465.34
25049,bal,72,46900.78
25064,bal,84,15334.17
25067,bal,83,5497.77
25071,bal,81,38336.88
25073,bal,78,405.71
25116,bal,75,10.24
25117,bal,74,3862.75
25125,bal,80,64117.53
25139,bal,81,21646.58
25147,bal,77,3344.51
25159,bal,87,34450.83
25199,bal,81,855.08
25210,bal,72,261.65
25213,bal,81,0.0
25237,bal,83,286897.6
25250,bal,87,1765.74
25254,bal,72,2549.07
25255,bal,78,865.89
25268,bal,84,90131.28
25295,bal,77,66980.34
25298,bal,73,133.89
25353,bal,89,646.43
25356,bal,69,11507.73
25357,bal,82,0.0
25398,bal,81,16601.86
25400,bal,68,15652.33
25411,bal,70,174665.74
25418,bal,80,144852.8
25446,bal,82,24570.31
25464,bal,88,204.11
25467,bal,80,134848.29
25513,bal,78,38.7
25527,bal,76,541429.96
25531,bal,67,14.53
25550,bal,67,13065.12
25553,bal,87,3674.75
25567,bal,88,1543.1
25583,bal,85,5540.88
25584,bal,86,735.49
25605,bal,73,272.38
25619,bal,88,100000.84
25643,bal,82,102466.82
25659,bal,68,0.08
25667,bal,82,1027.82
25672,bal,71,0.74
25674,bal,88,14694.78
25695,bal,84,2915328.55
25700,bal,76,83965.74
25711,bal,72,431756.88
25729,bal,82,24.44
25735,bal,72,89431.27
25757,bal,77,2700.0
25759,bal,89,0.43
25765,bal,84,1752.66
25770,bal,81,81.58
25786,bal,75,1580.03
25791,bal,66,43.54
25795,bal,86,4906.45
25822,bal,78,5852.84
25826,bal,72,1310.11
25844,bal,75,69.0
25887,bal,72,90910.96
25897,bal,70,567.22
25899,bal,77,28520.81
25904,bal,81,3420.74
25907,bal,73,40473.68
25917,bal,87,91120.59
25919,bal,85,144976.21
25926,bal,76,0.0
25943,bal,70,1.11
25956,bal,66,7279.02
25984,bal,80,14.72
26031,bal,79,15649.65
26032,bal,81,5.66
26040,bal,89,39924.53
26050,bal,73,244.12
26054,bal,88,51961.98
26080,bal,74,344866.6
26090,bal,85,2367.04
26111,bal,86,2372517.99
26113,bal,78,33.71
26119,bal,81,27928.64
26147,bal,69,23.29
26149,bal,87,306.76
26151,bal,69,29561.07
26156,bal,77,52184.08
26203,bal,67,77.21
26209,bal,80,6520.38
26212,bal,69,323.98
26227,bal,79,62412.37
26229,bal,73,1612.38
26282,bal,77,121408.03
26311,bal,79,6219.99
26325,bal,74,36.41
26331,bal,81,0.73
26347,bal,67,3196.83
26358,bal,77,16762.73
26361,bal,84,2416069.72
26369,bal,88,8881.56
26400,bal,70,317.34
26401,bal,82,84571.49
26405,bal,68,0.0
26412,bal,86,791276.74
26420,bal,89,147833.52
26435,bal,87,20724.56
26437,bal,76,87.79
26445,bal,82,202.97
26481,bal,73,6357.07
26508,bal,72,49983.66
26520,bal,84,1462603.79
26521,bal,87,2582.63
26522,bal,70,416.89
26528,bal,71,35871.38
26532,bal,76,4835.36
26551,bal,71,142512.19
26558,bal,85,72119.75
26561,bal,69,27123.61
26569,bal,72,19452.86
26575,bal,79,12168.45
26603,bal,74,2.19
26609,bal,79,3715.66
26626,bal,75,26085.02
26631,bal,75,42828.94
26653,bal,68,13380.12
26654,bal,71,30.37
26679,bal,79,139160.98
26700,bal,71,1244.53
26702,bal,83,30000.0
26721,bal,79,6034.34
26728,bal,79,0.0
26739,bal,85,349.54
26743,bal,84,433021.46
26749,bal,80,3316.15
26763,bal,84,1013.2
26765,bal,74,9305.04
26766,bal,72,5734.6
26787,bal,74,620828.72
26792,bal,88,1.3
26793,bal,80,5106.5
26828,bal,84,42.15
26829,bal,81,562.43
26841,bal,85,6050.12
26844,bal,71,2252.88
26855,bal,84,50651.57
26898,bal,74,12293.75
26899,bal,75,18.3
26900,bal,85,17491.03
26918,bal,69,27957.03
26934,bal,82,24230.68
26941,bal,87,15.33
26971,bal,82,9116.28
26973,bal,81,163090.83
26984,bal,89,2805.01
26993,bal,89,48550.45
26999,bal,81,44798.19
27001,bal,80,132613.95
27007,bal,78,182909.13
27013,bal,68,2054.55
27039,bal,77,267945.43
27057,bal,80,129.45
27080,bal,72,28166.97
27107,bal,72,30.37
27120,bal,75,193279.03
27140,bal,73,0.0
27159,bal,85,54.27
27181,bal,80,65975.2
27205,bal,77,147.3
27208,bal,79,61683.27
27218,bal,88,3760.17
27221,bal,70,291.4
27227,bal,66,134.58
27237,bal,86,68467.67
27241,bal,72,5606.91
27260,bal,82,1353.93
27263,bal,67,2930983.98
27270,bal,72,178.71
27278,bal,87,2100.84
27285,bal,85,200.49
27306,bal,80,11295.94
27311,bal,88,217636.29
27348,bal,67,10734.48
27370,bal,79,9409.62
27375,bal,85,45828.99
27395,bal,81,1565068.29
27424,bal,76,43765.96
27438,bal,68,30411.46
27440,bal,83,4928.41
27457,bal,77,70168.01
27473,bal,84,214948.06
27487,bal,82,2470949.12
27493,bal,72,0.47
27502,bal,72,1940968.85
27523,bal,72,120191.14
27564,bal,67,74424.73
27582,bal,68,5536.8
27613,bal,69,3088.78
27645,bal,78,711878.03
27648,bal,78,108.61
27657,bal,71,226.07
27663,bal,73,6669.25
27692,bal,78,8674.27
27696,bal,76,1687.18
27709,bal,75,896.87
27733,bal,82,17171.1
27743,bal,80,63.21
27750,bal,88,12.42
27752,bal,75,15723.41
27812,bal,84,1251071.36
27816,bal,88,1.86
27828,bal,79,43.62
27829,bal,88,14.44
27889,bal,77,59.8
27911,bal,85,2965.3
27922,bal,86,76265.3
27930,bal,67,39545.95
27945,bal,87,33.24
27946,bal,82,274409.37
27958,bal,88,39340.17
27975,bal,85,4252.57
27994,bal,69,12.54
28005,bal,72,7969.37
28012,bal,86,4860399.28
28021,bal,79,1292523.4
28041,bal,85,136875.72
28080,bal,86,0.08
28097,bal,67,30868.27
28100,bal,70,5095.52
28110,bal,71,3097.68
28115,bal,88,405.82
28118,bal,67,2050.74
28119,bal,87,1.09
28122,bal,89,409.35
28148,bal,80,7148768.52
28151,bal,71,3003.13
28154,bal,75,438.79
28184,bal,73,30178.43
28191,bal,70,482315.79
28198,bal,86,612.67
28202,bal,80,568551.93
28209,bal,69,0.45
28228,bal,83,54593.26
28235,bal,74,11687.58
28244,bal,78,94.94
28267,bal,71,5304.1
28289,bal,66,83234.88
28293,bal,74,48583.93
28295,bal,89,42.17
28316,bal,71,50010.26
28322,bal,68,51.47
28365,bal,75,6.76
28366,bal,67,44.38
28429,bal,66,192725.0
28430,bal,85,112087.23
28431,bal,83,11368.38
28480,bal,80,0.0
28484,bal,82,69671.11
28493,bal,84,13415.95
28496,bal,81,55152.74
28532,bal,68,1012.62
28549,bal,78,269.02
28551,bal,67,60828.59
28569,bal,85,12.68
28615,bal,76,90000.2
28650,bal,83,547.93
28652,bal,72,210103.1
28698,bal,66,250.75
28702,bal,80,580.48
28706,bal,83,65159.74
28723,bal,80,6580141.41
28752,bal,73,358726.96
28761,bal,73,184.73
28773,bal,69,1008.43
28777,bal,76,20202.12
28797,bal,70,3201.75
28817,bal,76,58443.06
28824,bal,88,1760506.36
28839,bal,77,61521.46
28846,bal,72,1026.78
28856,bal,67,2547.71
28876,bal,71,35328.84
28879,bal,70,37964.51
28907,bal,81,180494.4
28914,bal,68,21113.33
28945,bal,84,6266.4
28948,bal,67,96.63
28966,bal,87,517.14
28982,bal,71,200015.73
28989,bal,82,50.49
29008,bal,88,885897.0
29020,bal,75,1814976.2
29026,bal,70,1128.64
29042,bal,69,3369.96
29057,bal,74,5253129.19
29064,bal,85,1274018.0
29081,bal,74,6316168.62
29118,bal,67,10200.16
29122,bal,69,765.79
29145,bal,74,590392.12
29155,bal,68,1529679.86
29162,bal,77,4006.94
29167,bal,74,2571.78
29177,bal,88,36.6
29201,bal,72,913.32
29214,bal,66,50312.61
29229,bal,88,1.13
29232,bal,79,85164.18
29237,bal,89,11819.04
29241,bal,71,13.99
29256,bal,70,209399.01
29280,bal,80,2529239.39
29314,bal,71,85798.37
29328,bal,82,44411.57
29337,bal,72,56.56
29339,bal,78,38829.73
29372,bal,85,7535.11
29373,bal,67,7396.61
29383,bal,85,418.25
29402,bal,82,3290668.31
29405,bal,79,0.0
29432,bal,81,558171.62
29452,bal,85,89101.93
29456,bal,76,64492.03
29459,bal,72,1023.62
29472,bal,66,31165.95
29491,bal,69,6.12
29492,bal,74,16028.2
29497,bal,81,54.59
29502,bal,74,10283.64
29506,bal,84,5.16
29518,bal,86,304177.28
29532,bal,70,54918.92
29552,bal,83,129.02
29556,bal,81,4748.03
29568,bal,66,14663.76
29598,bal,84,121903.59
29622,bal,89,778.67
29625,bal,83,50032.45
29630,bal,87,113.22
29641,bal,68,363.07
29652,bal,77,458780.64
29669,bal,66,308.3
29682,bal,86,12541.97
29683,bal,82,61411.31
29704,bal,86,103853.03
29728,bal,85,45.31
29737,bal,74,709270.1
29738,bal,83,9893.07
29739,bal,79,6525.74
29741,bal,80,102965.26
29756,bal,86,83049.49
29763,bal,85,3131.17
29764,bal,67,1198.5
29767,bal,73,5738.92
29800,bal,70,147.77
29810,bal,79,1000.98
29824,bal,87,284.9
29829,bal,66,482.83
29831,bal,72,6369.23
29851,bal,67,126652.9
29875,bal,80,2540.03
29881,bal,82,81506.04
29921,bal,83,5749.79
29952,bal,72,18250.61
29960,bal,71,66827.39
29983,bal,83,68470.77
30000,bal,77,436.71
30002,bal,66,236899.33
30009,bal,86,1516.74
30020,bal,66,506861.89
30027,bal,67,37036.84
30046,bal,89,3693.18
30049,bal,83,50265.56
30053,bal,78,2017.39
30063,bal,77,2075.84
30085,bal,79,17543.32
30099,bal,74,6401.45
30123,bal,70,8938.82
30148,bal,71,146949.71
30154,bal,82,28.96
30165,bal,81,97914.14
30168,bal,69,763044.74
30171,bal,85,1000.0
30208,bal,71,6367.7
30220,bal,72,2.83
30234,bal,76,248.39
30239,bal,73,34655.98
30252,bal,88,237.79
30267,bal,89,50429.68
30294,bal,82,7.23
30295,bal,77,688.07
30302,bal,70,6373.12
30347,bal,67,4460.85
30358,bal,89,99.02
30361,bal,79,341.03
30387,bal,78,518.07
30408,bal,79,5272.13
30409,bal,83,67843.72
30451,bal,77,26694.14
30486,bal,88,10081.24
30496,bal,87,7923.03
30509,bal,89,5052.05
30516,bal,77,32807.73
30537,bal,70,101795.33
30549,bal,84,2576586.72
30552,bal,79,243.47
30566,bal,87,141.48
30573,bal,72,6216.09
30607,bal,86,1164.68
30617,bal,87,21217.65
30661,bal,84,53770.12
30663,bal,74,27274.35
30685,bal,70,2161093.18
30692,bal,81,50.0
30727,bal,89,251813.95
30730,bal,78,1717.95
30731,bal,77,915.5
30742,bal,75,344.38
30756,bal,76,23083.86
30770,bal,82,41.0
30774,bal,83,26028.35
30792,bal,80,12311.6
30823,bal,88,7563.72
30827,bal,88,44057.55
30834,bal,89,111.46
30898,bal,66,75636.12
30905,bal,76,130.69
30907,bal,81,834.14
30915,bal,78,111.75
30916,bal,85,353081.98
30921,bal,70,9695.55
30922,bal,79,2091.02
30930,bal,78,31951.26
30957,bal,66,46059.74
30959,bal,76,1057.94
30964,bal,75,7343.04
30988,bal,77,434.32
31005,bal,86,36513.57
31006,bal,82,448.1
31032,bal,84,8471.74
31035,bal,74,820.75
31053,bal,76,61.83
31057,bal,87,3539.9
31068,bal,86,1592.42
31069,bal,72,67.45
31070,bal,82,25.31
31078,bal,79,6031.89
31113,bal,66,342.02
31115,bal,71,0.0
31124,bal,81,11370.65
31126,bal,87,64063.67
31128,bal,84,5192.7
31141,bal,75,1338036.47
31153,bal,67,7411.28
31160,bal,69,806.6
31164,bal,87,2075.55
31185,bal,66,83.66
31186,bal,70,1909379.27
31218,bal,72,1186.3
31233,bal,81,5610.42
31235,bal,76,17727.25
31240,bal,85,24053.68
31247,bal,67,3213.55
31281,bal,89,41.9
31298,bal,74,887223.98
31334,bal,89,876.46
31337,bal,79,240144.74
31338,bal,73,0.23
31342,bal,84,7068.75
31396,bal,89,6155.09
31425,bal,89,53861.93
31459,bal,76,6239.73
31480,bal,81,123.23
31484,bal,89,9473.57
31558,bal,80,410716.71
31570,bal,67,5.09
31571,bal,79,1292.41
31576,bal,76,5661.64
31582,bal,69,0.0
31591,bal,86,1148.67
31611,bal,69,20138.59
31617,bal,70,7571.39
31621,bal,71,3573.19
31627,bal,69,275.39
31645,bal,81,17912.69
31658,bal,87,1682.33
31696,bal,85,7972.83
31744,bal,66,1359402.93
31748,bal,86,78055.89
31750,bal,84,98576.63
31765,bal,73,82.32
31767,bal,72,2.44
31780,bal,79,5322.71
31783,bal,89,1180.78
31799,bal,69,1.22
31807,bal,78,23831.33
31845,bal,80,8766.38
31880,bal,69,2.57
31893,bal,68,707207.46
31929,bal,67,2919.84
31935,bal,88,5280.82
31937,bal,83,12204.45
31950,bal,80,89176.4
31956,bal,66,1426.66
31968,bal,71,217968.23
31970,bal,67,1.0
31973,bal,80,11963.77
31977,bal,71,19111.67
31987,bal,77,1765.32
32003,bal,84,2994.76
32004,bal,85,0.72
32010,bal,70,4108.12
32015,bal,89,11.81
32050,bal,71,269754.41
32057,bal,83,1.04
32059,bal,81,282.38
32073,bal,73,5599.81
32092,bal,84,890.0
32099,bal,70,125578.61
32100,bal,85,2249.31
32101,bal,86,20548.26
32113,bal,70,786.62
32122,bal,74,3156.9
32144,bal,83,1.05
32156,bal,78,283217.16
32163,bal,75,149.65
32166,bal,70,23813.44
32177,bal,78,3771.06
32195,bal,81,0.62
32199,bal,75,491.56
32238,bal,75,45841.86
32242,bal,86,3441.64
32251,bal,72,567704.24
32264,bal,88,457827.22
32273,bal,68,1194.31
32284,bal,75,552.1
32301,bal,69,953.05
32302,bal,73,983735.86
32315,bal,67,49631.23
32317,bal,83,220009.77
32318,bal,72,26994.62
32346,bal,80,24615.23
32352,bal,80,53109.89
32354,bal,82,5833.74
32355,bal,79,704.65
32359,bal,79,16.59
32376,bal,85,5038.22
32405,bal,72,2983.63
32434,bal,83,1305098.59
32446,bal,70,12142.28
32455,bal,75,9744.18
32460,bal,66,5345.78
32461,bal,80,50420.48
32474,bal,80,3340.56
32478,bal,82,70786.49
32481,bal,89,4440.89
32525,bal,83,217.25
32547,bal,76,28.35
32563,bal,84,11014.55
32564,bal,66,121.58
32575,bal,85,122660.28
32584,bal,67,0.0
32585,bal,67,236341.34
32587,bal,78,17139.26
32588,bal,73,47.66
32598,bal,71,43.05
32668,bal,72,25654.71
32674,bal,74,2211.55
32679,bal,73,74083.37
32691,bal,69,2.05
32725,bal,69,3051.78
32737,bal,69,1247625.1
32762,bal,81,27891.89
32763,bal,68,588.43
32764,bal,87,1496910.73
32769,bal,86,1.04
32773,bal,84,8957.86
32810,bal,79,4419.6
32821,bal,74,51695.53
32826,bal,68,15890.72
32830,bal,71,358641.65
32896,bal,66,0.0
32904,bal,84,5933.56
32906,bal,76,11357.15
32917,bal,88,2179.97
32952,bal,76,11533.01
32954,bal,84,10522.24
32965,bal,77,23151.23
32973,bal,81,15150.16
32975,bal,82,1315.87
32981,bal,71,656113.68
32986,bal,88,10294.86
33021,bal,69,3843.76
33069,bal,79,1424.78
33071,bal,80,6382.46
33084,bal,87,224232.13
33091,bal,77,10710.79
33099,bal,76,0.0
33102,bal,86,5498.04
33126,bal,69,0.0
33138,bal,75,5447.71
33151,bal,83,727.05
33180,bal,83,35133.4
33193,bal,87,5787.96
33195,bal,87,134626.09
33229,bal,79,341.93
33230,bal,88,3163.96
33233,bal,87,11579.68
33246,bal,74,25.16
33257,bal,80,29556.59
33264,bal,82,25414.49
33311,bal,70,2300.0
33322,bal,76,22944.0
33340,bal,82,9.1
33347,bal,70,14096.21
33348,bal,68,423552.01
33353,bal,76,47.05
33365,bal,81,754.61
33373,bal,71,42460.87
33394,bal,69,2127142.84
33395,bal,70,3944.2
33396,bal,79,20000.0
33434,bal,66,112598.49
33450,bal,88,165910.09
33465,bal,69,25409.8
33485,bal,75,47699.84
33486,bal,84,336245.47
33496,bal,77,42626.13
33506,bal,73,0.07
33509,bal,86,4170.55
33516,bal,81,27892.27
33538,bal,66,10309.28
33540,bal,83,4124.01
33545,bal,88,56906.59
33551,bal,88,574.02
33553,bal,87,33828.61
33581,bal,72,82994.95
33594,bal,74,67162.75
33609,bal,86,1834.51
33611,bal,86,998827.54
33617,bal,85,5007.87
33623,bal,69,1334.65
33628,bal,73,2321.25
33630,bal,84,524.57
33653,bal,85,506623.04
33673,bal,86,192456.67
33699,bal,83,54.63
33721,bal,83,176795.91
33732,bal,66,274.73
33740,bal,87,0.25
33751,bal,72,588159.05
33759,bal,72,10904.5
33763,bal,68,2457.21
33774,bal,71,149010.79
33775,bal,86,140695.9
33777,bal,81,129164.45
33832,bal,87,80.8
33841,bal,78,0.0
33853,bal,83,626.24
33863,bal,89,2540.16
33869,bal,68,60092.64
33872,bal,75,830710.47
33896,bal,73,0.79
33899,bal,78,501.5
33911,bal,81,7995.23
33914,bal,85,0.0
33917,bal,74,168971.61
33923,bal,66,185836.37
33935,bal,80,674536.54
33944,bal,66,5353.27
33950,bal,80,33834.74
33981,bal,73,2000.84
33986,bal,77,757.76
33994,bal,84,43437.99
34015,bal,82,67676.96
34016,bal,70,49653.77
34028,bal,89,26138.8
34031,bal,73,66479.42
34044,bal,72,2787025.43
34052,bal,86,22319.44
34067,bal,66,8338.34
34073,bal,70,2496.21
34088,bal,80,13.19
34096,bal,67,652.95
34137,bal,78,33581.09
34151,bal,73,78844.39
34158,bal,73,27898.18
34162,bal,78,1.94
34172,bal,81,3560.02
34173,bal,74,309473.19
34179,bal,84,939.19
34193,bal,89,7292.77
34199,bal,74,14109.31
34202,bal,69,645182.6
34208,bal,85,88.09
34221,bal,88,58117.19
34242,bal,68,1190742.16
34253,bal,73,14.34
34285,bal,79,4075143.9
34293,bal,67,49628.92
34295,bal,71,4.33
34296,bal,84,371.01
34307,bal,71,79890.92
34334,bal,78,385292.69
34337,bal,84,8810.58
34348,bal,80,635.58
34349,bal,80,596.31
34391,bal,84,26.52
34405,bal,75,357656.47
34413,bal,79,11293.31
34429,bal,81,30547.56
34438,bal,78,550069.56
34454,bal,71,202495.77
34460,bal,76,70324.67
34470,bal,89,6763.98
34492,bal,85,4200.79
34509,bal,80,50716.07
34515,bal,79,248443.33
34525,bal,81,3659.62
34529,bal,69,525729.4
34548,bal,84,284.22
34572,bal,81,6742.96
34595,bal,69,91757.0
34610,bal,86,548781.12
34625,bal,87,14893.49
34643,bal,74,2586138.66
34672,bal,75,902788.82
34681,bal,66,75550.72
34725,bal,87,10094.17
34729,bal,80,56445.3
34748,bal,71,115167.41
34763,bal,68,2208.39
34766,bal,70,117.82
34814,bal,75,629.13
34827,bal,88,57.07
34846,bal,89,279.34
34862,bal,83,668.45
34870,bal,83,3089.06
34872,bal,74,73904.28
34882,bal,69,438.97
34896,bal,79,14965.68
34901,bal,88,408.81
34911,bal,89,29883.62
34919,bal,77,30499.9
34920,bal,87,93967.63
34921,bal,75,5305.59
34923,bal,81,0.93
34944,bal,67,0.0
34958,bal,74,1153.3
34962,bal,67,72025.88
34963,bal,81,1.0
34983,bal,80,5630.33
34998,bal,83,6130.58
35023,bal,66,8927.33
35028,bal,86,98279323.7
35034,bal,86,66.59
35052,bal,82,56137.91
35075,bal,76,0.0
35098,bal,69,11512.52
35109,bal,69,0.18
35115,bal,68,339031.82
35118,bal,80,14024.05
35147,bal,72,3.1
35179,bal,67,30753.16
35180,bal,89,104799.34
35181,bal,67,3179.0
35213,bal,88,55196.66
35222,bal,85,4003.65
35226,bal,79,109.93
35231,bal,75,42055.27
35281,bal,88,687.28
35282,bal,68,1693.11
35299,bal,80,418321.92
35323,bal,84,2.92
35325,bal,84,39948.02
35331,bal,86,10384.45
35357,bal,72,8492.65
35379,bal,88,32.29
35396,bal,71,65917.77
35397,bal,68,3057.34
35447,bal,87,4343.1
35463,bal,75,17276.86
35506,bal,82,74471.68
35520,bal,76,58220.0
35521,bal,72,60.06
35549,bal,80,11380.62
35550,bal,88,11553.55
35599,bal,85,1120.35
35604,bal,74,1015.51
35650,bal,67,7817.77
35676,bal,83,880.03
35677,bal,89,42825.06
35687,bal,77,1432.44
35697,bal,74,4500.75
35706,bal,66,2504.2
35714,bal,78,4272.17
35722,bal,77,3180.58
35723,bal,76,32.68
35730,bal,77,34155.17
35737,bal,76,1965.49
35752,bal,77,53379.18
35755,bal,87,3297682.47
35765,bal,82,10159.75
35772,bal,78,375231.27
35806,bal,88,56096.09
35843,bal,78,10644.34
35846,bal,83,357172.85
35865,bal,82,1.76
35884,bal,71,7.44
35899,bal,79,40339.86
35913,bal,81,4504.46
35947,bal,73,3074.5
35982,bal,70,67.22
36002,bal,68,117102.11
36016,bal,75,909.36
36030,bal,75,18482.26
36037,bal,74,7361.91
36053,bal,66,2814.08
36054,bal,85,10725.16
36062,bal,84,30559.97
36103,bal,89,59423.15
36104,bal,85,853.38
36118,bal,68,510.93
36124,bal,88,628731.26
36159,bal,77,155.12
36179,bal,67,37649.03
36182,bal,81,2465.07
36183,bal,78,39459.54
36214,bal,80,230819.86
36234,bal,84,88110.4
36238,bal,82,7594.44
36244,bal,77,57162.22
36254,bal,71,8986.3
36262,bal,79,552293.25
36266,bal,70,638.56
36267,bal,84,64.97
36284,bal,75,7991.07
36286,bal,66,33.34
36314,bal,68,4065.41
36351,bal,89,430985.14
36352,bal,76,862270.09
36355,bal,66,0.0
36376,bal,82,6773.99
36417,bal,75,1332501.82
36441,bal,86,22059.79
36466,bal,74,21092.92
36468,bal,66,14.86
36480,bal,83,5916.36
36485,bal,72,507076.27
36497,bal,88,2232.67
36511,bal,74,462452.04
36525,bal,83,0.01
36527,bal,74,2492.72
36540,bal,67,1313.88
36593,bal,69,124802.44
36602,bal,74,41736.19
36605,bal,79,2.23
36630,bal,85,6.91
36635,bal,72,2027.4
36653,bal,71,9735.24
36660,bal,77,22152.19
36675,bal,69,14.17
36688,bal,80,7357.17
36690,bal,89,15935.88
36694,bal,84,4940.8
36697,bal,74,0.22
36701,bal,67,18320.52
36710,bal,68,1733.8
36730,bal,75,10.4
36743,bal,72,265.52
36761,bal,82,92271.91
36767,bal,75,2840.69
36772,bal,68,1123.66
36789,bal,72,69.44
36791,bal,81,1666341.06
36802,bal,87,1166.75
36807,bal,82,10909.99
36839,bal,71,2000.23
36887,bal,77,100060.5
36920,bal,85,1023.52
36933,bal,88,4823.03
36936,bal,78,2748.2
36940,bal,78,11.99
36941,bal,76,10707.36
36976,bal,68,37235.79
36992,bal,71,4791.01
37014,bal,80,4465.66
37015,bal,88,307319.34
37029,bal,79,88520.09
37041,bal,66,57922.58
37054,bal,88,48189.7
37070,bal,89,39646.85
37081,bal,88,63461.3
37090,bal,88,2962.99
37098,bal,74,5618.26
37129,bal,70,0.94
37139,bal,84,20.35
37156,bal,82,24019.05
37160,bal,69,40.56
37170,bal,75,30591.59
37187,bal,89,3837.31
37198,bal,78,22729.5
37205,bal,66,44283.95
37232,bal,68,4166.59
37249,bal,75,0.86
37259,bal,85,36.76
37260,bal,77,2071843.55
37270,bal,87,3127.17
37276,bal,87,18823.92
37281,bal,68,24430.86
37288,bal,83,113594.05
37293,bal,79,231.39
37301,bal,89,133935.69
37314,bal,82,1298359.13
37325,bal,69,1444322.2
37394,bal,72,11257.89
37402,bal,77,153854.39
37412,bal,74,443904.21
37416,bal,75,1270.72
37434,bal,87,1219.3
37440,bal,70,3911.15
37456,bal,89,505086.64
37464,bal,89,404.05
37471,bal,73,177728.58
37476,bal,84,4578.39
37499,bal,68,5726.73
37500,bal,80,23478.37
37506,bal,88,1304.34
37527,bal,78,3.09
37556,bal,77,49.35
37559,bal,89,3843.96
37580,bal,74,14526.61
37600,bal,79,2233.34
37614,bal,89,358996.09
37646,bal,78,1065159.68
37650,bal,80,6525.72
37654,bal,74,16205.84
37671,bal,89,30639.61
37676,bal,66,17077.93
37683,bal,84,87531.11
37747,bal,87,5314.53
37757,bal,78,58411.63
37759,bal,70,55.07
37776,bal,80,50000.0
37778,bal,76,257.03
37824,bal,69,57059.63
37828,bal,70,3854.35
37846,bal,80,5843.49
37887,bal,71,245.5
37891,bal,83,5.32
37894,bal,69,8239.74
37926,bal,84,50301.72
37933,bal,67,61589.53
37942,bal,78,24800.72
37944,bal,87,5625.75
37980,bal,82,1513.73
37982,bal,85,39.89
37995,bal,67,21.05
38003,bal,82,64190.83
38010,bal,71,101.07
38028,bal,84,73081.07
38029,bal,88,455.31
38030,bal,85,35286.17
38032,bal,86,3997.42
38038,bal,78,0.94
38050,bal,66,34166.41
38078,bal,89,67.88
38091,bal,71,14812.73
38094,bal,73,96.81
38102,bal,75,333984.14
38135,bal,66,801536.68
38149,bal,68,1798.81
38151,bal,67,18561.31
38158,bal,71,211796.8
38165,bal,75,260.12
38207,bal,81,1968.19
38216,bal,80,7924.87
38228,bal,77,165.01
38259,bal,86,28174.76
38263,bal,69,1776.53
38313,bal,81,2810.34
38319,bal,74,517731.64
38351,bal,67,29428.97
38354,bal,84,28437.43
38365,bal,74,3595.08
38368,bal,81,56.24
38377,bal,89,5650.1
38381,bal,73,225.28
38386,bal,77,3046.57
38395,bal,77,4944.98
38404,bal,80,56439.09
38409,bal,73,2357.18
38424,bal,66,29.87
38453,bal,80,653761.54
38457,bal,76,73777.99
38489,bal,83,54580.39
38492,bal,73,130544.2
38503,bal,86,184.8
38513,bal,83,38746.38
38528,bal,77,29607.24
38531,bal,74,100941.51
38550,bal,74,252502.07
38587,bal,86,527.57
38591,bal,75,76003.02
38594,bal,81,11.49
38614,bal,86,97.59
38617,bal,85,14262.24
38650,bal,83,67359.65
38652,bal,74,50681.06
38712,bal,75,14.31
38720,bal,78,9938.32
38725,bal,81,77542.9
38733,bal,72,1085314.75
38767,bal,85,113057.99
38775,bal,66,4883.55
38777,bal,70,35.95
38803,bal,76,0.94
38812,bal,68,15.4
38819,bal,83,4.99
38861,bal,75,2046856.92
38868,bal,86,10.4
38881,bal,71,37765.68
38935,bal,75,78851.21
38951,bal,76,18482.07
38997,bal,83,8958.11
38998,bal,88,38.37
39055,bal,70,1688.08
39083,bal,69,404.43
39085,bal,67,6731.87
39098,bal,75,6210.14
39104,bal,81,394.69
39107,bal,68,27.33
39108,bal,85,38.64
39114,bal,68,14532.0
39116,bal,66,1906.78
39117,bal,78,605608.75
39132,bal,82,124038.56
39138,bal,69,425688.52
39139,bal,81,5781.28
39150,bal,83,9658.36
39165,bal,83,368.99
39170,bal,66,4522.39
39183,bal,77,1178.79
39269,bal,67,1602597.63
39306,bal,79,10504.92
39314,bal,77,9260.73
39329,bal,76,676.58
39350,bal,89,168537.61
39351,bal,76,574606.19
39378,bal,68,636716.54
39398,bal,78,23.4
39401,bal,70,4894.83
39410,bal,81,909157.89
39428,bal,77,104.58
39450,bal,80,11422.25
39484,bal,84,14735.22
39487,bal,86,285738.75
39531,bal,72,10295.65
39532,bal,89,11292.7
39542,bal,88,761824.01
39587,bal,76,1.93
39597,bal,83,6.69
39616,bal,81,6.19
39646,bal,75,881.42
39680,bal,81,11.44
39686,bal,87,154.9
39699,bal,68,4903.18
39705,bal,86,79978.33
39714,bal,66,67174.14
39734,bal,84,3651.85
39740,bal,87,0.78
39747,bal,72,146892.97
39754,bal,73,938.41
39757,bal,68,4466388.45
39765,bal,72,19.88
39775,bal,70,1623198.86
39781,bal,86,1296.3
39782,bal,76,1234.89
39788,bal,85,6547.43
39816,bal,66,35349.89
39842,bal,74,3189.74
39846,bal,88,843757.4
39886,bal,69,520383.42
39900,bal,69,57265.36
39903,bal,76,350000.0
39910,bal,86,118368.93
39929,bal,69,117.19
39932,bal,72,54.9
39958,bal,74,13814.81
39982,bal,75,33930.68
40001,bal,82,5184.26
40004,bal,67,44981.29
40017,bal,69,7734.77
40019,bal,66,101.52
40031,bal,84,19585.57
40054,bal,79,9569.89
40066,bal,88,1100.85
40067,bal,78,3393.36
40082,bal,82,13679.84
40109,bal,67,155817.82
40111,bal,71,640.63
40155,bal,77,113.22
40165,bal,70,469.98
40175,bal,89,9849.8
40176,bal,70,70.56
40189,bal,72,188.48
40209,bal,82,1.34
40212,bal,85,783.25
40213,bal,71,1904.69
40274,bal,84,28571.39
40288,bal,74,618.57
40289,bal,71,84573.19
40304,bal,87,5732.99
40309,bal,74,1830944.79
40310,bal,67,208468.38
40337,bal,68,17.67
40342,bal,74,50088.27
40350,bal,68,383842.84
40366,bal,75,749.37
40378,bal,72,52147.29
40382,bal,84,2937.91
40389,bal,89,819604.3
40391,bal,74,1474.12
40402,bal,87,5379.28
40407,bal,78,1872.83
40422,bal,73,577.17
40424,bal,74,101442.16
40442,bal,70,124.07
40448,bal,74,137918.18
40466,bal,87,6529.82
40479,bal,80,317973.83
40505,bal,80,1340.67
40524,bal,72,591559.06
40527,bal,83,211135.8
40558,bal,74,3958.31
40571,bal,82,73554.88
40585,bal,70,7.17
40590,bal,89,286178.51
40593,bal,66,64756.56
40616,bal,89,22790.55
40618,bal,73,71.0
40621,bal,70,24.95
40623,bal,87,24741.3
40638,bal,72,16847553.42
40664,bal,71,438891.76
40674,bal,72,32247.36
40679,bal,76,101834.45
40692,bal,76,33863.82
40696,bal,69,1925918.93
40731,bal,69,2945.78
40754,bal,88,35068.97
40777,bal,84,0.19
40791,bal,89,16470.79
40802,bal,89,13598.89
40823,bal,84,738852.32
40837,bal,77,0.0
40851,bal,69,41329.09
40859,bal,73,1897.17
40874,bal,66,2551.35
40880,bal,66,10148.96
40909,bal,75,3778.55
40941,bal,87,1405.24
40943,bal,89,172540.25
40992,bal,67,129256.51
41033,bal,84,101010.03
41036,bal,80,29441.08
41041,bal,74,14902.13
41102,bal,89,34581.53
41142,bal,74,0.0
41155,bal,77,2105.7
41158,bal,76,298.89
41196,bal,70,18645.76
41201,bal,89,62136.17
41210,bal,83,6435.61
41217,bal,84,1300.01
41226,bal,77,79.18
41247,bal,66,54807.93
41287,bal,67,1280754.4
41293,bal,84,12810.13
41303,bal,85,14698.89
41311,bal,70,28846.9
41325,bal,79,16844.34
41394,bal,72,20965.44
41438,bal,85,269703.8
41448,bal,86,1249013.13
41466,bal,72,113741.38
41467,bal,73,805706.8
41561,bal,77,1925.86
41568,bal,72,14339.57
41594,bal,83,170716.13
